BugWars
Brackets
37 37
358 122
rotational
294
0 33 1000
0 32 1000
0 22 1000
0 21 1000
0 17 1000
0 16 1000
0 8 1000
0 7 1000
1 32 1000
1 21 1000
1 17 1000
1 8 1000
2 32 1000
2 26 1000
2 25 1000
2 22 1000
2 21 1000
2 17 1000
2 8 1000
2 4 1000
2 3 1000
3 32 1000
3 25 1000
3 17 1000
3 12 1000
3 11 1000
3 8 1000
3 7 1000
3 4 1000
4 36 1000
4 35 1000
4 32 1000
4 25 1000
4 17 1000
4 12 1000
4 4 1000
5 35 1000
5 33 1000
5 32 1000
5 25 1000
5 22 1000
5 21 1000
5 17 1000
5 12 1000
5 11 1000
5 4 1000
6 35 1000
6 26 1000
6 25 1000
6 21 1000
6 17 1000
6 9 1000
6 8 1000
6 4 1000
6 3 1000
7 35 1000
7 30 1000
7 29 1000
7 21 1000
7 17 1000
7 16 1000
7 9 1000
8 35 1000
8 29 1000
8 21 1000
8 9 1000
9 35 1000
9 29 1000
9 26 1000
9 25 1000
9 21 1000
9 14 1000
9 13 1000
9 9 1000
9 1 1000
9 0 1000
10 36 1000
10 35 1000
10 30 1000
10 29 1000
10 25 1000
10 22 1000
10 21 1000
10 18 1000
10 17 1000
10 14 1000
10 9 1000
10 5 1000
10 4 1000
10 1 1000
11 26 1000
11 25 1000
11 18 1000
11 14 1000
11 9 1000
11 5 1000
11 1 1000
12 18 1000
12 14 1000
12 9 1000
12 5 1000
12 1 1000
13 28 1000
13 27 1000
13 18 1000
13 17 1000
13 14 1000
13 9 1000
13 5 1000
13 1 1000
14 34 1000
14 33 1000
14 27 1000
14 21 1000
14 20 1000
14 14 1000
14 13 1000
14 9 1000
14 8 1000
14 5 1000
14 1 1000
14 0 1000
15 33 1000
15 27 1000
15 24 1000
15 23 1000
15 20 1000
15 5 1000
15 4 1000
16 33 1000
16 27 1000
16 23 1000
16 20 1000
17 33 1000
17 27 1000
17 23 1000
17 20 1000
17 16 1000
17 15 1000
17 9 1000
17 8 1000
18 34 1000
18 33 1000
18 27 1000
18 24 1000
18 23 1000
18 20 1000
18 16 1000
18 13 1000
18 12 1000
18 9 1000
18 3 1000
18 2 1000
19 28 1000
19 27 1000
19 21 1000
19 20 1000
19 16 1000
19 13 1000
19 9 1000
19 3 1000
20 16 1000
20 13 1000
20 9 1000
20 3 1000
21 32 1000
21 31 1000
21 16 1000
21 13 1000
21 12 1000
21 9 1000
21 3 1000
22 36 1000
22 35 1000
22 31 1000
22 28 1000
22 27 1000
22 23 1000
22 22 1000
22 16 1000
22 15 1000
22 9 1000
22 3 1000
22 2 1000
23 35 1000
23 31 1000
23 27 1000
23 22 1000
23 19 1000
23 18 1000
23 9 1000
23 8 1000
24 35 1000
24 31 1000
24 27 1000
24 22 1000
24 18 1000
25 35 1000
25 31 1000
25 27 1000
25 22 1000
25 18 1000
25 11 1000
25 10 1000
26 35 1000
26 32 1000
26 31 1000
26 27 1000
26 22 1000
26 19 1000
26 18 1000
26 15 1000
26 14 1000
26 11 1000
26 7 1000
26 6 1000
26 1 1000
26 0 1000
27 36 1000
27 35 1000
27 27 1000
27 23 1000
27 22 1000
27 15 1000
27 11 1000
27 10 1000
27 7 1000
27 1 1000
28 27 1000
28 15 1000
28 7 1000
28 1 1000
29 27 1000
29 20 1000
29 19 1000
29 15 1000
29 7 1000
29 6 1000
29 1 1000
30 33 1000
30 32 1000
30 28 1000
30 27 1000
30 19 1000
30 15 1000
30 11 1000
30 10 1000
30 1 1000
31 32 1000
31 25 1000
31 24 1000
31 19 1000
31 15 1000
31 14 1000
31 11 1000
31 4 1000
31 3 1000
31 1 1000
32 32 1000
32 24 1000
32 19 1000
32 11 1000
32 4 1000
32 1 1000
32 0 1000
33 32 1000
33 29 1000
33 28 1000
33 25 1000
33 24 1000
33 19 1000
33 11 1000
33 4 1000
34 33 1000
34 32 1000
34 28 1000
34 19 1000
34 15 1000
34 14 1000
34 11 1000
34 10 1000
34 4 1000
35 28 1000
35 19 1000
35 15 1000
35 4 1000
36 29 1000
36 28 1000
36 20 1000
36 19 1000
36 15 1000
36 14 1000
36 4 1000
36 3 1000
66
1 22 50
1 7 50
2 33 50
2 7 50
3 33 50
3 16 50
4 26 50
4 16 50
4 11 50
4 3 50
6 36 50
7 36 50
7 22 50
8 36 50
8 30 50
8 22 50
9 30 50
10 26 50
10 8 50
11 17 50
11 13 50
11 0 50
12 17 50
12 13 50
12 4 50
12 0 50
13 4 50
16 34 50
16 28 50
16 24 50
16 21 50
17 24 50
17 21 50
19 15 50
19 12 50
20 15 50
20 12 50
20 8 50
20 2 50
23 32 50
24 36 50
24 32 50
24 23 50
24 19 50
25 36 50
25 23 50
25 19 50
26 28 50
26 10 50
27 6 50
28 14 50
28 6 50
28 0 50
29 14 50
29 0 50
30 0 50
32 33 50
32 25 50
32 20 50
32 10 50
33 20 50
33 3 50
34 29 50
34 3 50
35 29 50
35 14 50
2
4 2 0
20 7 0
2
16 29 0
32 34 0
