BugWars
MathematicianComb
50 50
533 988
vertical
348
2 26 1000
2 23 1000
3 26 1000
3 23 1000
4 26 1000
4 23 1000
5 26 1000
5 23 1000
6 26 1000
6 23 1000
7 26 1000
7 23 1000
8 26 1000
8 23 1000
9 26 1000
9 23 1000
10 26 1000
10 23 1000
11 26 1000
11 23 1000
12 44 1000
12 43 1000
12 42 1000
12 41 1000
12 40 1000
12 39 1000
12 38 1000
12 37 1000
12 36 1000
12 35 1000
12 34 1000
12 33 1000
12 32 1000
12 31 1000
12 30 1000
12 29 1000
12 28 1000
12 27 1000
12 26 1000
12 23 1000
12 22 1000
12 21 1000
12 20 1000
12 19 1000
12 18 1000
12 17 1000
12 16 1000
12 15 1000
12 14 1000
12 13 1000
12 12 1000
12 11 1000
12 10 1000
12 9 1000
12 8 1000
12 7 1000
12 6 1000
12 5 1000
13 26 1000
13 23 1000
14 26 1000
14 23 1000
15 26 1000
15 23 1000
16 26 1000
16 23 1000
17 26 1000
17 23 1000
18 26 1000
18 23 1000
19 26 1000
19 23 1000
20 26 1000
20 23 1000
21 26 1000
21 23 1000
22 44 1000
22 43 1000
22 42 1000
22 41 1000
22 40 1000
22 39 1000
22 38 1000
22 37 1000
22 36 1000
22 35 1000
22 34 1000
22 33 1000
22 32 1000
22 31 1000
22 30 1000
22 29 1000
22 28 1000
22 27 1000
22 26 1000
22 23 1000
22 22 1000
22 21 1000
22 20 1000
22 19 1000
22 18 1000
22 17 1000
22 16 1000
22 15 1000
22 14 1000
22 13 1000
22 12 1000
22 11 1000
22 10 1000
22 9 1000
22 8 1000
22 7 1000
22 6 1000
22 5 1000
23 26 1000
23 23 1000
24 26 1000
24 23 1000
25 26 1000
25 23 1000
26 26 1000
26 23 1000
27 26 1000
27 23 1000
28 26 1000
28 23 1000
29 26 1000
29 23 1000
30 26 1000
30 23 1000
31 44 1000
31 43 1000
31 42 1000
31 41 1000
31 40 1000
31 39 1000
31 38 1000
31 37 1000
31 36 1000
31 35 1000
31 34 1000
31 33 1000
31 32 1000
31 31 1000
31 30 1000
31 29 1000
31 28 1000
31 27 1000
31 26 1000
31 23 1000
31 22 1000
31 21 1000
31 20 1000
31 19 1000
31 18 1000
31 17 1000
31 16 1000
31 15 1000
31 14 1000
31 13 1000
31 12 1000
31 11 1000
31 10 1000
31 9 1000
31 8 1000
31 7 1000
31 6 1000
31 5 1000
32 26 1000
32 23 1000
33 26 1000
33 23 1000
34 26 1000
34 23 1000
35 26 1000
35 23 1000
36 26 1000
36 23 1000
37 26 1000
37 23 1000
38 44 1000
38 43 1000
38 42 1000
38 41 1000
38 40 1000
38 39 1000
38 38 1000
38 37 1000
38 36 1000
38 35 1000
38 34 1000
38 33 1000
38 32 1000
38 31 1000
38 30 1000
38 29 1000
38 28 1000
38 27 1000
38 26 1000
38 23 1000
38 22 1000
38 21 1000
38 20 1000
38 19 1000
38 18 1000
38 17 1000
38 16 1000
38 15 1000
38 14 1000
38 13 1000
38 12 1000
38 11 1000
38 10 1000
38 9 1000
38 8 1000
38 7 1000
38 6 1000
38 5 1000
39 26 1000
39 23 1000
40 26 1000
40 23 1000
41 26 1000
41 23 1000
42 26 1000
42 23 1000
43 44 1000
43 43 1000
43 42 1000
43 41 1000
43 40 1000
43 39 1000
43 38 1000
43 37 1000
43 36 1000
43 35 1000
43 34 1000
43 33 1000
43 32 1000
43 31 1000
43 30 1000
43 29 1000
43 28 1000
43 27 1000
43 26 1000
43 23 1000
43 22 1000
43 21 1000
43 20 1000
43 19 1000
43 18 1000
43 17 1000
43 16 1000
43 15 1000
43 14 1000
43 13 1000
43 12 1000
43 11 1000
43 10 1000
43 9 1000
43 8 1000
43 7 1000
43 6 1000
43 5 1000
44 26 1000
44 23 1000
45 26 1000
45 23 1000
46 44 1000
46 43 1000
46 42 1000
46 41 1000
46 40 1000
46 39 1000
46 38 1000
46 37 1000
46 36 1000
46 35 1000
46 34 1000
46 33 1000
46 32 1000
46 31 1000
46 30 1000
46 29 1000
46 28 1000
46 27 1000
46 26 1000
46 23 1000
46 22 1000
46 21 1000
46 20 1000
46 19 1000
46 18 1000
46 17 1000
46 16 1000
46 15 1000
46 14 1000
46 13 1000
46 12 1000
46 11 1000
46 10 1000
46 9 1000
46 8 1000
46 7 1000
46 6 1000
46 5 1000
47 26 1000
47 23 1000
48 44 1000
48 43 1000
48 42 1000
48 41 1000
48 40 1000
48 39 1000
48 38 1000
48 37 1000
48 36 1000
48 35 1000
48 34 1000
48 33 1000
48 32 1000
48 31 1000
48 30 1000
48 29 1000
48 28 1000
48 27 1000
48 26 1000
48 23 1000
48 22 1000
48 21 1000
48 20 1000
48 19 1000
48 18 1000
48 17 1000
48 16 1000
48 15 1000
48 14 1000
48 13 1000
48 12 1000
48 11 1000
48 10 1000
48 9 1000
48 8 1000
48 7 1000
48 6 1000
48 5 1000
49 26 1000
49 23 1000
66
11 45 100
11 44 100
11 5 100
11 4 100
12 45 100
12 4 100
13 45 100
13 44 100
13 5 100
13 4 100
21 45 100
21 44 100
21 5 100
21 4 100
22 45 100
22 4 100
23 45 100
23 44 100
23 5 100
23 4 100
30 45 100
30 44 100
30 5 100
30 4 100
31 45 100
31 4 100
32 45 100
32 44 100
32 5 100
32 4 100
37 45 100
37 44 100
37 5 100
37 4 100
38 45 100
38 4 100
39 45 100
39 44 100
39 5 100
39 4 100
42 45 100
42 44 100
42 5 100
42 4 100
43 45 100
43 4 100
44 45 100
44 44 100
44 5 100
44 4 100
45 45 100
45 44 100
45 5 100
45 4 100
46 45 100
46 4 100
47 45 100
47 44 100
47 5 100
47 4 100
48 45 100
48 4 100
49 45 100
49 44 100
49 5 100
49 4 100
1
49 5 0
1
49 44 0
