BugWars
Shuffle
40 40
200 200
horizontal
218
0 2 1000
0 4 1000
0 7 1000
0 12 1000
0 19 1000
1 25 1000
1 28 1000
1 38 1000
2 31 1000
3 9 1000
3 11 1000
3 19 1000
3 20 1000
3 24 1000
3 35 1000
4 4 1000
4 6 1000
4 14 1000
4 15 1000
4 26 1000
5 29 1000
6 32 1000
7 24 1000
8 38 1000
9 35 1000
10 13 1000
10 16 1000
10 19 1000
10 36 1000
11 2 1000
11 7 1000
11 28 1000
12 11 1000
12 21 1000
12 29 1000
12 36 1000
13 5 1000
13 12 1000
13 13 1000
13 15 1000
13 32 1000
13 33 1000
13 36 1000
14 9 1000
14 12 1000
14 17 1000
14 18 1000
14 19 1000
14 22 1000
14 25 1000
14 30 1000
14 31 1000
14 33 1000
14 38 1000
15 2 1000
15 9 1000
15 11 1000
15 14 1000
15 18 1000
15 20 1000
15 23 1000
15 30 1000
15 34 1000
15 36 1000
16 1 1000
16 5 1000
16 7 1000
16 9 1000
16 12 1000
16 16 1000
16 18 1000
16 20 1000
16 23 1000
16 29 1000
16 32 1000
16 35 1000
16 39 1000
17 0 1000
17 2 1000
17 4 1000
17 8 1000
17 10 1000
17 14 1000
17 19 1000
17 21 1000
17 26 1000
17 27 1000
17 32 1000
17 35 1000
18 0 1000
18 1 1000
18 15 1000
18 22 1000
18 25 1000
18 28 1000
18 30 1000
18 34 1000
18 35 1000
19 9 1000
19 12 1000
19 18 1000
19 19 1000
19 20 1000
19 21 1000
19 24 1000
19 25 1000
19 26 1000
19 36 1000
19 37 1000
20 9 1000
20 12 1000
20 18 1000
20 19 1000
20 20 1000
20 21 1000
20 24 1000
20 25 1000
20 26 1000
20 36 1000
20 37 1000
21 0 1000
21 1 1000
21 15 1000
21 22 1000
21 25 1000
21 28 1000
21 30 1000
21 34 1000
21 35 1000
22 0 1000
22 2 1000
22 4 1000
22 8 1000
22 10 1000
22 14 1000
22 19 1000
22 21 1000
22 26 1000
22 27 1000
22 32 1000
22 35 1000
23 1 1000
23 5 1000
23 7 1000
23 9 1000
23 12 1000
23 16 1000
23 18 1000
23 20 1000
23 23 1000
23 29 1000
23 32 1000
23 35 1000
23 39 1000
24 2 1000
24 9 1000
24 11 1000
24 14 1000
24 18 1000
24 20 1000
24 23 1000
24 30 1000
24 34 1000
24 36 1000
25 9 1000
25 12 1000
25 17 1000
25 18 1000
25 19 1000
25 22 1000
25 25 1000
25 30 1000
25 31 1000
25 33 1000
25 38 1000
26 5 1000
26 12 1000
26 13 1000
26 15 1000
26 32 1000
26 33 1000
26 36 1000
27 11 1000
27 21 1000
27 29 1000
27 36 1000
28 2 1000
28 7 1000
28 28 1000
29 13 1000
29 16 1000
29 19 1000
29 36 1000
30 35 1000
31 38 1000
32 24 1000
33 32 1000
34 29 1000
35 4 1000
35 6 1000
35 14 1000
35 15 1000
35 26 1000
36 9 1000
36 11 1000
36 19 1000
36 20 1000
36 24 1000
36 35 1000
37 31 1000
38 25 1000
38 28 1000
38 38 1000
39 2 1000
39 4 1000
39 7 1000
39 12 1000
39 19 1000
28
18 4 50
19 1 50
19 2 50
19 7 50
19 11 50
19 14 50
19 16 50
19 23 50
19 28 50
19 29 50
19 31 50
19 33 50
19 38 50
19 39 50
20 1 50
20 2 50
20 7 50
20 11 50
20 14 50
20 16 50
20 23 50
20 28 50
20 29 50
20 31 50
20 33 50
20 38 50
20 39 50
21 4 50
1
32 10 0
1
7 10 0
