BugWars
Sparsecookies
35 35
326 745
rotational
403
0 32 1000
0 23 1000
0 17 1000
0 7 1000
1 31 1000
1 23 1000
1 17 1000
1 7 1000
2 32 1000
2 28 1000
2 27 1000
2 26 1000
2 25 1000
2 24 1000
2 23 1000
2 20 1000
2 17 1000
2 16 1000
2 15 1000
2 14 1000
2 13 1000
2 10 1000
2 7 1000
2 6 1000
2 5 1000
2 4 1000
2 3 1000
2 2 1000
3 31 1000
3 28 1000
3 27 1000
3 26 1000
3 25 1000
3 24 1000
3 23 1000
3 20 1000
3 15 1000
3 10 1000
4 20 1000
4 19 1000
4 15 1000
4 10 1000
5 32 1000
5 20 1000
5 15 1000
5 12 1000
5 11 1000
5 10 1000
5 9 1000
5 8 1000
5 7 1000
5 6 1000
5 5 1000
5 4 1000
5 3 1000
5 2 1000
6 32 1000
6 28 1000
6 27 1000
6 26 1000
6 25 1000
6 24 1000
6 23 1000
6 20 1000
6 17 1000
6 16 1000
6 15 1000
6 12 1000
6 11 1000
6 10 1000
6 9 1000
6 8 1000
6 7 1000
6 6 1000
6 5 1000
6 4 1000
6 3 1000
6 2 1000
7 32 1000
7 31 1000
7 28 1000
7 23 1000
7 12 1000
7 2 1000
8 32 1000
8 28 1000
8 23 1000
8 12 1000
8 2 1000
9 32 1000
9 29 1000
9 28 1000
9 25 1000
9 24 1000
9 23 1000
9 22 1000
9 21 1000
9 20 1000
9 19 1000
9 18 1000
9 17 1000
9 16 1000
9 15 1000
9 12 1000
9 9 1000
9 8 1000
9 7 1000
9 6 1000
9 5 1000
9 4 1000
9 3 1000
9 2 1000
10 32 1000
10 28 1000
10 25 1000
10 15 1000
10 12 1000
11 32 1000
11 31 1000
11 28 1000
11 25 1000
11 15 1000
11 12 1000
12 32 1000
12 28 1000
12 25 1000
12 22 1000
12 21 1000
12 20 1000
12 19 1000
12 18 1000
12 17 1000
12 16 1000
12 15 1000
12 12 1000
12 9 1000
12 6 1000
12 5 1000
12 4 1000
12 3 1000
12 2 1000
12 1 1000
12 0 1000
13 32 1000
13 29 1000
13 28 1000
13 25 1000
13 22 1000
13 12 1000
13 9 1000
13 6 1000
14 32 1000
14 28 1000
14 25 1000
14 22 1000
14 21 1000
14 20 1000
14 13 1000
14 12 1000
14 9 1000
15 32 1000
15 31 1000
15 30 1000
15 29 1000
15 28 1000
15 25 1000
15 22 1000
15 21 1000
15 20 1000
15 19 1000
15 18 1000
15 17 1000
15 16 1000
15 15 1000
15 14 1000
15 13 1000
15 12 1000
15 9 1000
15 4 1000
15 3 1000
15 2 1000
16 32 1000
16 20 1000
16 19 1000
16 18 1000
16 17 1000
16 16 1000
16 15 1000
16 14 1000
16 9 1000
16 8 1000
16 7 1000
16 6 1000
16 5 1000
16 4 1000
16 3 1000
16 2 1000
17 32 1000
17 20 1000
17 19 1000
17 18 1000
17 17 1000
17 16 1000
17 15 1000
17 14 1000
17 2 1000
18 32 1000
18 31 1000
18 30 1000
18 29 1000
18 28 1000
18 27 1000
18 26 1000
18 25 1000
18 20 1000
18 19 1000
18 18 1000
18 17 1000
18 16 1000
18 15 1000
18 14 1000
18 2 1000
19 32 1000
19 31 1000
19 30 1000
19 25 1000
19 22 1000
19 21 1000
19 20 1000
19 19 1000
19 18 1000
19 17 1000
19 16 1000
19 15 1000
19 14 1000
19 13 1000
19 12 1000
19 9 1000
19 6 1000
19 5 1000
19 4 1000
19 3 1000
19 2 1000
20 25 1000
20 22 1000
20 21 1000
20 14 1000
20 13 1000
20 12 1000
20 9 1000
20 6 1000
20 2 1000
21 28 1000
21 25 1000
21 22 1000
21 12 1000
21 9 1000
21 6 1000
21 5 1000
21 2 1000
22 34 1000
22 33 1000
22 32 1000
22 31 1000
22 30 1000
22 29 1000
22 28 1000
22 25 1000
22 22 1000
22 19 1000
22 18 1000
22 17 1000
22 16 1000
22 15 1000
22 14 1000
22 13 1000
22 12 1000
22 9 1000
22 6 1000
22 2 1000
23 22 1000
23 19 1000
23 9 1000
23 6 1000
23 3 1000
23 2 1000
24 22 1000
24 19 1000
24 9 1000
24 6 1000
24 2 1000
25 32 1000
25 31 1000
25 30 1000
25 29 1000
25 28 1000
25 27 1000
25 26 1000
25 25 1000
25 22 1000
25 19 1000
25 18 1000
25 17 1000
25 16 1000
25 15 1000
25 14 1000
25 13 1000
25 12 1000
25 11 1000
25 10 1000
25 9 1000
25 6 1000
25 5 1000
25 2 1000
26 32 1000
26 22 1000
26 11 1000
26 6 1000
26 2 1000
27 32 1000
27 22 1000
27 11 1000
27 6 1000
27 3 1000
27 2 1000
28 32 1000
28 31 1000
28 30 1000
28 29 1000
28 28 1000
28 27 1000
28 26 1000
28 25 1000
28 24 1000
28 23 1000
28 22 1000
28 19 1000
28 18 1000
28 17 1000
28 14 1000
28 11 1000
28 10 1000
28 9 1000
28 8 1000
28 7 1000
28 6 1000
28 2 1000
29 32 1000
29 31 1000
29 30 1000
29 29 1000
29 28 1000
29 27 1000
29 26 1000
29 25 1000
29 24 1000
29 23 1000
29 22 1000
29 19 1000
29 14 1000
29 2 1000
30 24 1000
30 19 1000
30 15 1000
30 14 1000
31 24 1000
31 19 1000
31 14 1000
31 11 1000
31 10 1000
31 9 1000
31 8 1000
31 7 1000
31 6 1000
31 3 1000
32 32 1000
32 31 1000
32 30 1000
32 29 1000
32 28 1000
32 27 1000
32 24 1000
32 21 1000
32 20 1000
32 19 1000
32 18 1000
32 17 1000
32 14 1000
32 11 1000
32 10 1000
32 9 1000
32 8 1000
32 7 1000
32 6 1000
32 2 1000
33 27 1000
33 17 1000
33 11 1000
33 3 1000
34 27 1000
34 17 1000
34 11 1000
34 2 1000
24
0 24 100
0 6 100
1 24 100
1 16 100
1 6 100
7 24 100
7 3 100
8 3 100
11 16 100
13 21 100
14 29 100
17 31 100
17 3 100
20 5 100
21 13 100
23 18 100
26 31 100
27 31 100
27 10 100
33 28 100
33 18 100
33 10 100
34 28 100
34 10 100
1
17 12 0
1
17 22 0
