BugWars
Vertical
31 31
150 150
vertical
12
1 15 1000
3 15 1000
5 15 1000
8 15 1000
10 15 1000
13 15 1000
16 15 1000
19 15 1000
21 15 1000
25 15 1000
28 15 1000
30 15 1000
36
0 0 100
0 1 100
0 2 100
0 28 100
0 29 100
0 30 100
1 0 100
1 1 100
1 29 100
1 30 100
2 0 100
2 30 100
5 11 100
5 19 100
6 15 100
9 8 100
9 22 100
17 6 100
17 24 100
22 6 100
22 24 100
23 15 100
26 11 100
26 19 100
28 0 100
28 30 100
29 0 100
29 1 100
29 29 100
29 30 100
30 0 100
30 1 100
30 2 100
30 28 100
30 29 100
30 30 100
3
7 2 0
17 29 0
19 10 0
3
7 28 0
17 1 0
19 20 0