BugWars
Volleyball
31 31
563 149
rotational
171
0 20 1000
0 18 1000
0 16 1000
0 14 1000
0 12 1000
0 10 1000
1 19 1000
1 17 1000
1 15 1000
1 13 1000
1 11 1000
2 20 1000
2 18 1000
2 16 1000
2 14 1000
2 12 1000
2 10 1000
3 19 1000
3 17 1000
3 15 1000
3 13 1000
3 11 1000
4 20 1000
4 18 1000
4 16 1000
4 14 1000
4 12 1000
4 10 1000
5 19 1000
5 17 1000
5 15 1000
5 13 1000
5 11 1000
6 20 1000
6 18 1000
6 16 1000
6 14 1000
6 12 1000
6 10 1000
7 19 1000
7 17 1000
7 15 1000
7 13 1000
7 11 1000
8 20 1000
8 18 1000
8 16 1000
8 14 1000
8 12 1000
8 10 1000
9 19 1000
9 17 1000
9 15 1000
9 13 1000
9 11 1000
10 20 1000
10 18 1000
10 16 1000
10 14 1000
10 12 1000
10 10 1000
11 19 1000
11 17 1000
11 15 1000
11 13 1000
11 11 1000
12 20 1000
12 18 1000
12 16 1000
12 14 1000
12 12 1000
12 10 1000
13 19 1000
13 17 1000
13 15 1000
13 13 1000
13 11 1000
14 20 1000
14 18 1000
14 16 1000
14 14 1000
14 12 1000
14 10 1000
15 19 1000
15 17 1000
15 15 1000
15 13 1000
15 11 1000
16 20 1000
16 18 1000
16 16 1000
16 14 1000
16 12 1000
16 10 1000
17 19 1000
17 17 1000
17 15 1000
17 13 1000
17 11 1000
18 20 1000
18 18 1000
18 16 1000
18 14 1000
18 12 1000
18 10 1000
19 19 1000
19 17 1000
19 15 1000
19 13 1000
19 11 1000
20 20 1000
20 18 1000
20 16 1000
20 14 1000
20 12 1000
20 10 1000
21 19 1000
21 17 1000
21 15 1000
21 13 1000
21 11 1000
22 20 1000
22 18 1000
22 16 1000
22 14 1000
22 12 1000
22 10 1000
23 19 1000
23 17 1000
23 15 1000
23 13 1000
23 11 1000
24 20 1000
24 18 1000
24 16 1000
24 14 1000
24 12 1000
24 10 1000
25 19 1000
25 17 1000
25 15 1000
25 13 1000
25 11 1000
26 20 1000
26 18 1000
26 16 1000
26 14 1000
26 12 1000
26 10 1000
27 19 1000
27 17 1000
27 15 1000
27 13 1000
27 11 1000
28 20 1000
28 18 1000
28 16 1000
28 14 1000
28 12 1000
28 10 1000
29 19 1000
29 17 1000
29 15 1000
29 13 1000
29 11 1000
30 20 1000
30 18 1000
30 16 1000
30 14 1000
30 12 1000
30 10 1000
170
0 19 100
0 17 100
0 15 100
0 13 100
0 11 100
1 20 100
1 18 100
1 16 100
1 14 100
1 12 100
1 10 100
2 19 100
2 17 100
2 15 100
2 13 100
2 11 100
3 20 100
3 18 100
3 16 100
3 14 100
3 12 100
3 10 100
4 19 100
4 17 100
4 15 100
4 13 100
4 11 100
5 20 100
5 18 100
5 16 100
5 14 100
5 12 100
5 10 100
6 19 100
6 17 100
6 15 100
6 13 100
6 11 100
7 20 100
7 18 100
7 16 100
7 14 100
7 12 100
7 10 100
8 19 100
8 17 100
8 15 100
8 13 100
8 11 100
9 20 100
9 18 100
9 16 100
9 14 100
9 12 100
9 10 100
10 19 100
10 17 100
10 15 100
10 13 100
10 11 100
11 20 100
11 18 100
11 16 100
11 14 100
11 12 100
11 10 100
12 19 100
12 17 100
12 15 100
12 13 100
12 11 100
13 20 100
13 18 100
13 16 100
13 14 100
13 12 100
13 10 100
14 19 100
14 17 100
14 15 100
14 13 100
14 11 100
15 20 100
15 18 100
15 16 100
15 14 100
15 12 100
15 10 100
16 19 100
16 17 100
16 15 100
16 13 100
16 11 100
17 20 100
17 18 100
17 16 100
17 14 100
17 12 100
17 10 100
18 19 100
18 17 100
18 15 100
18 13 100
18 11 100
19 20 100
19 18 100
19 16 100
19 14 100
19 12 100
19 10 100
20 19 100
20 17 100
20 15 100
20 13 100
20 11 100
21 20 100
21 18 100
21 16 100
21 14 100
21 12 100
21 10 100
22 19 100
22 17 100
22 15 100
22 13 100
22 11 100
23 20 100
23 18 100
23 16 100
23 14 100
23 12 100
23 10 100
24 19 100
24 17 100
24 15 100
24 13 100
24 11 100
25 20 100
25 18 100
25 16 100
25 14 100
25 12 100
25 10 100
26 19 100
26 17 100
26 15 100
26 13 100
26 11 100
27 20 100
27 18 100
27 16 100
27 14 100
27 12 100
27 10 100
28 19 100
28 17 100
28 15 100
28 13 100
28 11 100
29 20 100
29 18 100
29 16 100
29 14 100
29 12 100
29 10 100
30 19 100
30 17 100
30 15 100
30 13 100
30 11 100
2
2 2 0
28 2 0
2
2 28 0
28 28 0
