BugWars
Zigzag
35 35
130 130
rotational
154
4 7 1000
5 7 1000
5 8 1000
5 9 1000
5 10 1000
5 11 1000
5 12 1000
5 13 1000
5 14 1000
5 15 1000
5 16 1000
5 17 1000
5 18 1000
5 19 1000
5 20 1000
5 21 1000
5 22 1000
5 23 1000
5 24 1000
5 25 1000
5 26 1000
5 27 1000
5 28 1000
5 29 1000
5 30 1000
5 31 1000
5 32 1000
5 33 1000
5 34 1000
9 12 1000
9 13 1000
10 13 1000
11 0 1000
11 1 1000
11 2 1000
11 3 1000
11 4 1000
11 5 1000
11 6 1000
11 7 1000
11 8 1000
11 9 1000
11 10 1000
11 11 1000
11 12 1000
11 13 1000
11 14 1000
11 15 1000
11 16 1000
11 17 1000
11 18 1000
11 19 1000
11 20 1000
11 21 1000
11 22 1000
11 23 1000
11 24 1000
11 25 1000
11 26 1000
11 27 1000
11 28 1000
11 29 1000
16 21 1000
17 0 1000
17 1 1000
17 2 1000
17 3 1000
17 4 1000
17 5 1000
17 6 1000
17 7 1000
17 8 1000
17 9 1000
17 10 1000
17 11 1000
17 12 1000
17 13 1000
17 21 1000
17 22 1000
17 23 1000
17 24 1000
17 25 1000
17 26 1000
17 27 1000
17 28 1000
17 29 1000
17 30 1000
17 31 1000
17 32 1000
17 33 1000
17 34 1000
18 13 1000
23 5 1000
23 6 1000
23 7 1000
23 8 1000
23 9 1000
23 10 1000
23 11 1000
23 12 1000
23 13 1000
23 14 1000
23 15 1000
23 16 1000
23 17 1000
23 18 1000
23 19 1000
23 20 1000
23 21 1000
23 22 1000
23 23 1000
23 24 1000
23 25 1000
23 26 1000
23 27 1000
23 28 1000
23 29 1000
23 30 1000
23 31 1000
23 32 1000
23 33 1000
23 34 1000
24 21 1000
25 21 1000
25 22 1000
29 0 1000
29 1 1000
29 2 1000
29 3 1000
29 4 1000
29 5 1000
29 6 1000
29 7 1000
29 8 1000
29 9 1000
29 10 1000
29 11 1000
29 12 1000
29 13 1000
29 14 1000
29 15 1000
29 16 1000
29 17 1000
29 18 1000
29 19 1000
29 20 1000
29 21 1000
29 22 1000
29 23 1000
29 24 1000
29 25 1000
29 26 1000
29 27 1000
30 27 1000
91
1 24 20
1 25 20
1 26 20
1 27 20
1 28 20
1 29 20
1 30 20
2 24 20
2 30 20
3 24 20
3 25 20
3 26 20
3 27 20
3 28 20
3 29 20
3 30 20
7 2 20
7 3 20
7 4 20
8 2 20
8 3 20
8 4 20
8 31 20
8 32 20
8 33 20
9 32 20
10 32 20
11 32 20
14 15 20
14 16 50
14 17 50
14 18 50
14 19 50
15 15 20
15 16 50
15 17 50
15 18 50
15 19 50
16 15 20
16 16 50
16 17 50
16 18 50
16 19 50
17 15 20
17 16 50
17 17 50
17 18 50
17 19 20
18 15 50
18 16 50
18 17 50
18 18 50
18 19 20
19 15 50
19 16 50
19 17 50
19 18 50
19 19 20
20 15 50
20 16 50
20 17 50
20 18 50
20 19 20
23 2 20
24 2 20
25 2 20
26 1 20
26 2 20
26 3 20
26 30 20
26 31 20
26 32 20
27 30 20
27 31 20
27 32 20
31 4 20
31 5 20
31 6 20
31 7 20
31 8 20
31 9 20
31 10 20
32 4 20
32 10 20
33 4 20
33 5 20
33 6 20
33 7 20
33 8 20
33 9 20
33 10 20
1
2 27 0
1
32 7 0
