BugWars
Basic4
25 25
124 543
rotational
53
4 11 1000
5 10 1000
6 10 1000
6 9 1000
7 14 1000
7 13 1000
7 12 1000
7 11 1000
7 10 1000
7 9 1000
8 12 1000
9 18 1000
9 12 1000
10 17 1000
10 12 1000
10 7 1000
10 6 1000
10 5 1000
11 17 1000
11 12 1000
11 7 1000
12 17 1000
12 16 1000
12 15 1000
12 14 1000
12 13 1000
12 12 1000
12 11 1000
12 10 1000
12 9 1000
12 8 1000
12 7 1000
13 17 1000
13 12 1000
13 7 1000
14 19 1000
14 18 1000
14 17 1000
14 12 1000
14 7 1000
15 12 1000
15 6 1000
16 12 1000
17 15 1000
17 14 1000
17 13 1000
17 12 1000
17 11 1000
17 10 1000
18 15 1000
18 14 1000
19 14 1000
20 13 1000
20
1 23 100
1 22 100
1 21 100
2 23 100
2 22 100
3 23 100
6 11 40
11 13 50
11 11 50
11 6 40
13 18 40
13 13 50
13 11 50
18 13 40
21 1 100
22 2 100
22 1 100
23 3 100
23 2 100
23 1 100
1
23 23 0
1
1 1 0
