BugWars
Grid
50 50
264 956
rotational
598
0 45 1000
0 40 1000
0 35 1000
0 30 1000
0 25 1000
0 19 1000
0 14 1000
0 9 1000
0 4 1000
1 35 1000
1 24 1000
1 19 1000
1 14 1000
2 35 1000
2 25 1000
2 19 1000
2 14 1000
3 45 1000
3 40 1000
3 35 1000
3 30 1000
3 24 1000
3 19 1000
3 14 1000
3 9 1000
3 4 1000
4 49 1000
4 46 1000
4 45 1000
4 44 1000
4 43 1000
4 42 1000
4 41 1000
4 40 1000
4 39 1000
4 36 1000
4 35 1000
4 34 1000
4 31 1000
4 30 1000
4 29 1000
4 26 1000
4 25 1000
4 23 1000
4 20 1000
4 19 1000
4 18 1000
4 15 1000
4 14 1000
4 13 1000
4 10 1000
4 9 1000
4 8 1000
4 5 1000
4 4 1000
4 3 1000
4 0 1000
5 45 1000
5 40 1000
5 35 1000
5 30 1000
5 24 1000
5 19 1000
5 14 1000
5 9 1000
5 4 1000
6 45 1000
6 40 1000
6 25 1000
6 9 1000
6 4 1000
7 45 1000
7 40 1000
7 24 1000
7 9 1000
7 4 1000
8 45 1000
8 40 1000
8 35 1000
8 30 1000
8 25 1000
8 19 1000
8 14 1000
8 9 1000
8 4 1000
9 49 1000
9 46 1000
9 45 1000
9 44 1000
9 41 1000
9 40 1000
9 39 1000
9 38 1000
9 37 1000
9 36 1000
9 35 1000
9 34 1000
9 31 1000
9 30 1000
9 29 1000
9 28 1000
9 27 1000
9 26 1000
9 24 1000
9 23 1000
9 20 1000
9 19 1000
9 18 1000
9 17 1000
9 16 1000
9 15 1000
9 14 1000
9 13 1000
9 12 1000
9 11 1000
9 10 1000
9 9 1000
9 8 1000
9 7 1000
9 6 1000
9 5 1000
9 4 1000
9 3 1000
9 0 1000
10 45 1000
10 40 1000
10 35 1000
10 30 1000
10 25 1000
10 19 1000
10 14 1000
10 9 1000
10 4 1000
11 35 1000
11 24 1000
11 14 1000
11 9 1000
11 4 1000
12 35 1000
12 25 1000
12 14 1000
12 9 1000
12 4 1000
13 45 1000
13 40 1000
13 35 1000
13 30 1000
13 24 1000
13 19 1000
13 14 1000
13 9 1000
13 4 1000
14 49 1000
14 46 1000
14 45 1000
14 44 1000
14 43 1000
14 42 1000
14 41 1000
14 40 1000
14 39 1000
14 38 1000
14 37 1000
14 36 1000
14 35 1000
14 34 1000
14 33 1000
14 32 1000
14 31 1000
14 30 1000
14 29 1000
14 26 1000
14 25 1000
14 23 1000
14 20 1000
14 19 1000
14 18 1000
14 17 1000
14 16 1000
14 15 1000
14 14 1000
14 13 1000
14 10 1000
14 9 1000
14 8 1000
14 5 1000
14 4 1000
14 3 1000
14 0 1000
15 45 1000
15 40 1000
15 35 1000
15 30 1000
15 24 1000
15 19 1000
15 14 1000
15 9 1000
15 4 1000
16 45 1000
16 30 1000
16 25 1000
17 45 1000
17 30 1000
17 24 1000
18 45 1000
18 40 1000
18 35 1000
18 30 1000
18 25 1000
18 19 1000
18 14 1000
18 9 1000
18 4 1000
19 49 1000
19 46 1000
19 45 1000
19 44 1000
19 41 1000
19 40 1000
19 39 1000
19 36 1000
19 35 1000
19 34 1000
19 33 1000
19 32 1000
19 31 1000
19 30 1000
19 29 1000
19 26 1000
19 24 1000
19 23 1000
19 20 1000
19 19 1000
19 18 1000
19 17 1000
19 16 1000
19 15 1000
19 14 1000
19 13 1000
19 12 1000
19 11 1000
19 10 1000
19 9 1000
19 8 1000
19 5 1000
19 4 1000
19 3 1000
19 2 1000
19 1 1000
19 0 1000
20 45 1000
20 40 1000
20 35 1000
20 30 1000
20 25 1000
20 19 1000
20 14 1000
20 9 1000
20 4 1000
21 40 1000
21 24 1000
21 14 1000
22 40 1000
22 25 1000
22 14 1000
23 45 1000
23 40 1000
23 35 1000
23 30 1000
23 24 1000
23 19 1000
23 14 1000
23 9 1000
23 4 1000
24 49 1000
24 47 1000
24 45 1000
24 43 1000
24 41 1000
24 39 1000
24 37 1000
24 35 1000
24 33 1000
24 31 1000
24 29 1000
24 27 1000
24 25 1000
24 23 1000
24 21 1000
24 19 1000
24 17 1000
24 15 1000
24 13 1000
24 11 1000
24 9 1000
24 7 1000
24 5 1000
24 3 1000
24 1 1000
25 48 1000
25 46 1000
25 44 1000
25 42 1000
25 40 1000
25 38 1000
25 36 1000
25 34 1000
25 32 1000
25 30 1000
25 28 1000
25 26 1000
25 24 1000
25 22 1000
25 20 1000
25 18 1000
25 16 1000
25 14 1000
25 12 1000
25 10 1000
25 8 1000
25 6 1000
25 4 1000
25 2 1000
25 0 1000
26 45 1000
26 40 1000
26 35 1000
26 30 1000
26 25 1000
26 19 1000
26 14 1000
26 9 1000
26 4 1000
27 35 1000
27 24 1000
27 9 1000
28 35 1000
28 25 1000
28 9 1000
29 45 1000
29 40 1000
29 35 1000
29 30 1000
29 24 1000
29 19 1000
29 14 1000
29 9 1000
29 4 1000
30 49 1000
30 48 1000
30 47 1000
30 46 1000
30 45 1000
30 44 1000
30 41 1000
30 40 1000
30 39 1000
30 38 1000
30 37 1000
30 36 1000
30 35 1000
30 34 1000
30 33 1000
30 32 1000
30 31 1000
30 30 1000
30 29 1000
30 26 1000
30 25 1000
30 23 1000
30 20 1000
30 19 1000
30 18 1000
30 17 1000
30 16 1000
30 15 1000
30 14 1000
30 13 1000
30 10 1000
30 9 1000
30 8 1000
30 5 1000
30 4 1000
30 3 1000
30 0 1000
31 45 1000
31 40 1000
31 35 1000
31 30 1000
31 24 1000
31 19 1000
31 14 1000
31 9 1000
31 4 1000
32 25 1000
32 19 1000
32 4 1000
33 24 1000
33 19 1000
33 4 1000
34 45 1000
34 40 1000
34 35 1000
34 30 1000
34 25 1000
34 19 1000
34 14 1000
34 9 1000
34 4 1000
35 49 1000
35 46 1000
35 45 1000
35 44 1000
35 41 1000
35 40 1000
35 39 1000
35 36 1000
35 35 1000
35 34 1000
35 33 1000
35 32 1000
35 31 1000
35 30 1000
35 29 1000
35 26 1000
35 24 1000
35 23 1000
35 20 1000
35 19 1000
35 18 1000
35 17 1000
35 16 1000
35 15 1000
35 14 1000
35 13 1000
35 12 1000
35 11 1000
35 10 1000
35 9 1000
35 8 1000
35 7 1000
35 6 1000
35 5 1000
35 4 1000
35 3 1000
35 0 1000
36 45 1000
36 40 1000
36 35 1000
36 30 1000
36 25 1000
36 19 1000
36 14 1000
36 9 1000
36 4 1000
37 45 1000
37 40 1000
37 35 1000
37 24 1000
37 14 1000
38 45 1000
38 40 1000
38 35 1000
38 25 1000
38 14 1000
39 45 1000
39 40 1000
39 35 1000
39 30 1000
39 24 1000
39 19 1000
39 14 1000
39 9 1000
39 4 1000
40 49 1000
40 46 1000
40 45 1000
40 44 1000
40 43 1000
40 42 1000
40 41 1000
40 40 1000
40 39 1000
40 38 1000
40 37 1000
40 36 1000
40 35 1000
40 34 1000
40 33 1000
40 32 1000
40 31 1000
40 30 1000
40 29 1000
40 26 1000
40 25 1000
40 23 1000
40 22 1000
40 21 1000
40 20 1000
40 19 1000
40 18 1000
40 15 1000
40 14 1000
40 13 1000
40 12 1000
40 11 1000
40 10 1000
40 9 1000
40 8 1000
40 5 1000
40 4 1000
40 3 1000
40 0 1000
41 45 1000
41 40 1000
41 35 1000
41 30 1000
41 24 1000
41 19 1000
41 14 1000
41 9 1000
41 4 1000
42 45 1000
42 40 1000
42 25 1000
42 9 1000
42 4 1000
43 45 1000
43 40 1000
43 24 1000
43 9 1000
43 4 1000
44 45 1000
44 40 1000
44 35 1000
44 30 1000
44 25 1000
44 19 1000
44 14 1000
44 9 1000
44 4 1000
45 49 1000
45 46 1000
45 45 1000
45 44 1000
45 41 1000
45 40 1000
45 39 1000
45 36 1000
45 35 1000
45 34 1000
45 31 1000
45 30 1000
45 29 1000
45 26 1000
45 24 1000
45 23 1000
45 20 1000
45 19 1000
45 18 1000
45 15 1000
45 14 1000
45 13 1000
45 10 1000
45 9 1000
45 8 1000
45 7 1000
45 6 1000
45 5 1000
45 4 1000
45 3 1000
45 0 1000
46 45 1000
46 40 1000
46 35 1000
46 30 1000
46 25 1000
46 19 1000
46 14 1000
46 9 1000
46 4 1000
47 35 1000
47 30 1000
47 24 1000
47 14 1000
48 35 1000
48 30 1000
48 25 1000
48 14 1000
49 45 1000
49 40 1000
49 35 1000
49 30 1000
49 24 1000
49 19 1000
49 14 1000
49 9 1000
49 4 1000
400
1 48 30
1 47 30
1 43 30
1 42 30
1 38 30
1 37 30
1 33 30
1 32 30
1 28 30
1 27 30
1 22 30
1 21 30
1 17 30
1 16 30
1 12 30
1 11 30
1 7 30
1 6 30
1 2 30
1 1 30
2 48 30
2 47 30
2 43 30
2 42 30
2 38 30
2 37 30
2 33 30
2 32 30
2 28 30
2 27 30
2 22 30
2 21 30
2 17 30
2 16 30
2 12 30
2 11 30
2 7 30
2 6 30
2 2 30
2 1 30
6 48 30
6 47 30
6 43 30
6 42 30
6 38 30
6 37 30
6 33 30
6 32 30
6 28 30
6 27 30
6 22 30
6 21 30
6 17 30
6 16 30
6 12 30
6 11 30
6 7 30
6 6 30
6 2 30
6 1 30
7 48 30
7 47 30
7 43 30
7 42 30
7 38 30
7 37 30
7 33 30
7 32 30
7 28 30
7 27 30
7 22 30
7 21 30
7 17 30
7 16 30
7 12 30
7 11 30
7 7 30
7 6 30
7 2 30
7 1 30
11 48 30
11 47 30
11 43 30
11 42 30
11 38 30
11 37 30
11 33 30
11 32 30
11 28 30
11 27 30
11 22 30
11 21 30
11 17 30
11 16 30
11 12 30
11 11 30
11 7 30
11 6 30
11 2 30
11 1 30
12 48 30
12 47 30
12 43 30
12 42 30
12 38 30
12 37 30
12 33 30
12 32 30
12 28 30
12 27 30
12 22 30
12 21 30
12 17 30
12 16 30
12 12 30
12 11 30
12 7 30
12 6 30
12 2 30
12 1 30
16 48 30
16 47 30
16 43 30
16 42 30
16 38 30
16 37 30
16 33 30
16 32 30
16 28 30
16 27 30
16 22 30
16 21 30
16 17 30
16 16 30
16 12 30
16 11 30
16 7 30
16 6 30
16 2 30
16 1 30
17 48 30
17 47 30
17 43 30
17 42 30
17 38 30
17 37 30
17 33 30
17 32 30
17 28 30
17 27 30
17 22 30
17 21 30
17 17 30
17 16 30
17 12 30
17 11 30
17 7 30
17 6 30
17 2 30
17 1 30
21 48 30
21 47 30
21 43 30
21 42 30
21 38 30
21 37 30
21 33 30
21 32 30
21 28 30
21 27 30
21 22 30
21 21 30
21 17 30
21 16 30
21 12 30
21 11 30
21 7 30
21 6 30
21 2 30
21 1 30
22 48 30
22 47 30
22 43 30
22 42 30
22 38 30
22 37 30
22 33 30
22 32 30
22 28 30
22 27 30
22 22 30
22 21 30
22 17 30
22 16 30
22 12 30
22 11 30
22 7 30
22 6 30
22 2 30
22 1 30
27 48 30
27 47 30
27 43 30
27 42 30
27 38 30
27 37 30
27 33 30
27 32 30
27 28 30
27 27 30
27 22 30
27 21 30
27 17 30
27 16 30
27 12 30
27 11 30
27 7 30
27 6 30
27 2 30
27 1 30
28 48 30
28 47 30
28 43 30
28 42 30
28 38 30
28 37 30
28 33 30
28 32 30
28 28 30
28 27 30
28 22 30
28 21 30
28 17 30
28 16 30
28 12 30
28 11 30
28 7 30
28 6 30
28 2 30
28 1 30
32 48 30
32 47 30
32 43 30
32 42 30
32 38 30
32 37 30
32 33 30
32 32 30
32 28 30
32 27 30
32 22 30
32 21 30
32 17 30
32 16 30
32 12 30
32 11 30
32 7 30
32 6 30
32 2 30
32 1 30
33 48 30
33 47 30
33 43 30
33 42 30
33 38 30
33 37 30
33 33 30
33 32 30
33 28 30
33 27 30
33 22 30
33 21 30
33 17 30
33 16 30
33 12 30
33 11 30
33 7 30
33 6 30
33 2 30
33 1 30
37 48 30
37 47 30
37 43 30
37 42 30
37 38 30
37 37 30
37 33 30
37 32 30
37 28 30
37 27 30
37 22 30
37 21 30
37 17 30
37 16 30
37 12 30
37 11 30
37 7 30
37 6 30
37 2 30
37 1 30
38 48 30
38 47 30
38 43 30
38 42 30
38 38 30
38 37 30
38 33 30
38 32 30
38 28 30
38 27 30
38 22 30
38 21 30
38 17 30
38 16 30
38 12 30
38 11 30
38 7 30
38 6 30
38 2 30
38 1 30
42 48 30
42 47 30
42 43 30
42 42 30
42 38 30
42 37 30
42 33 30
42 32 30
42 28 30
42 27 30
42 22 30
42 21 30
42 17 30
42 16 30
42 12 30
42 11 30
42 7 30
42 6 30
42 2 30
42 1 30
43 48 30
43 47 30
43 43 30
43 42 30
43 38 30
43 37 30
43 33 30
43 32 30
43 28 30
43 27 30
43 22 30
43 21 30
43 17 30
43 16 30
43 12 30
43 11 30
43 7 30
43 6 30
43 2 30
43 1 30
47 48 30
47 47 30
47 43 30
47 42 30
47 38 30
47 37 30
47 33 30
47 32 30
47 28 30
47 27 30
47 22 30
47 21 30
47 17 30
47 16 30
47 12 30
47 11 30
47 7 30
47 6 30
47 2 30
47 1 30
48 48 30
48 47 30
48 43 30
48 42 30
48 38 30
48 37 30
48 33 30
48 32 30
48 28 30
48 27 30
48 22 30
48 21 30
48 17 30
48 16 30
48 12 30
48 11 30
48 7 30
48 6 30
48 2 30
48 1 30
2
0 0 0
49 0 0
2
0 49 0
49 49 0
