BugWars
HiddenTreasure
41 41
761 55
vertical
191
3 31 1000
3 30 1000
3 29 1000
3 28 1000
3 27 1000
3 26 1000
3 25 1000
3 24 1000
3 23 1000
3 17 1000
3 16 1000
3 15 1000
3 14 1000
3 13 1000
3 12 1000
3 11 1000
3 10 1000
3 9 1000
4 31 1000
4 9 1000
5 31 1000
5 9 1000
6 31 1000
6 9 1000
7 31 1000
7 23 1000
7 22 1000
7 21 1000
7 20 1000
7 19 1000
7 18 1000
7 17 1000
7 9 1000
8 31 1000
8 21 1000
8 20 1000
8 19 1000
8 9 1000
9 31 1000
9 21 1000
9 20 1000
9 19 1000
9 9 1000
10 31 1000
10 21 1000
10 20 1000
10 19 1000
10 9 1000
11 31 1000
11 21 1000
11 20 1000
11 19 1000
11 9 1000
12 31 1000
12 21 1000
12 20 1000
12 19 1000
12 9 1000
13 31 1000
13 21 1000
13 20 1000
13 19 1000
13 9 1000
14 31 1000
14 21 1000
14 20 1000
14 19 1000
14 9 1000
15 31 1000
15 21 1000
15 20 1000
15 19 1000
15 9 1000
16 31 1000
16 21 1000
16 20 1000
16 19 1000
16 9 1000
17 31 1000
17 21 1000
17 20 1000
17 19 1000
17 9 1000
18 31 1000
18 21 1000
18 20 1000
18 19 1000
18 9 1000
19 31 1000
19 21 1000
19 20 1000
19 19 1000
19 9 1000
20 31 1000
20 21 1000
20 20 1000
20 19 1000
20 9 1000
21 31 1000
21 21 1000
21 20 1000
21 19 1000
21 9 1000
22 31 1000
22 21 1000
22 20 1000
22 19 1000
22 9 1000
23 31 1000
23 21 1000
23 20 1000
23 19 1000
23 9 1000
24 31 1000
24 21 1000
24 20 1000
24 19 1000
24 9 1000
25 31 1000
25 21 1000
25 20 1000
25 19 1000
25 9 1000
26 31 1000
26 21 1000
26 20 1000
26 19 1000
26 9 1000
27 31 1000
27 21 1000
27 20 1000
27 19 1000
27 9 1000
28 31 1000
28 21 1000
28 20 1000
28 19 1000
28 9 1000
29 31 1000
29 21 1000
29 20 1000
29 19 1000
29 9 1000
30 31 1000
30 21 1000
30 20 1000
30 19 1000
30 9 1000
31 31 1000
31 21 1000
31 20 1000
31 19 1000
31 9 1000
32 31 1000
32 21 1000
32 20 1000
32 19 1000
32 9 1000
33 31 1000
33 23 1000
33 22 1000
33 21 1000
33 20 1000
33 19 1000
33 18 1000
33 17 1000
33 9 1000
34 31 1000
34 9 1000
35 31 1000
35 9 1000
36 31 1000
36 9 1000
37 31 1000
37 30 1000
37 29 1000
37 28 1000
37 27 1000
37 26 1000
37 25 1000
37 24 1000
37 23 1000
37 17 1000
37 16 1000
37 15 1000
37 14 1000
37 13 1000
37 12 1000
37 11 1000
37 10 1000
37 9 1000
86
0 40 50
0 0 50
1 40 50
1 0 50
2 40 50
2 0 50
3 40 50
3 0 50
4 40 50
4 0 50
5 40 50
5 0 50
6 40 50
6 0 50
7 40 50
7 0 50
8 40 50
8 22 50
8 18 50
8 0 50
9 40 50
9 0 50
10 40 50
10 0 50
11 40 50
11 0 50
12 40 50
12 0 50
13 40 50
13 0 50
14 40 50
14 0 50
15 40 50
15 0 50
16 40 50
16 0 50
17 40 50
17 0 50
18 40 50
18 0 50
19 40 50
19 0 50
20 40 50
20 0 50
21 40 50
21 0 50
22 40 50
22 0 50
23 40 50
23 0 50
24 40 50
24 0 50
25 40 50
25 0 50
26 40 50
26 0 50
27 40 50
27 0 50
28 40 50
28 0 50
29 40 50
29 0 50
30 40 50
30 0 50
31 40 50
31 0 50
32 40 50
32 22 50
32 18 50
32 0 50
33 40 50
33 0 50
34 40 50
34 0 50
35 40 50
35 0 50
36 40 50
36 0 50
37 40 50
37 0 50
38 40 50
38 0 50
39 40 50
39 0 50
40 40 50
40 0 50
1
21 10 0
1
21 30 0
