BugWars
Hourglass
25 25
343 178
rotational
121
4 20 100
4 19 100
4 18 100
4 17 100
4 16 100
4 15 100
4 14 100
4 13 100
4 12 100
4 11 100
4 10 100
4 9 100
4 8 100
4 7 100
4 6 100
4 5 100
4 4 100
5 20 100
5 19 100
5 18 100
5 17 100
5 16 100
5 15 100
5 14 100
5 13 100
5 12 100
5 11 100
5 10 100
5 9 100
5 8 100
5 7 100
5 6 100
5 5 100
5 4 100
6 19 100
6 18 100
6 6 100
6 5 100
7 18 100
7 17 100
7 7 100
7 6 100
8 17 100
8 16 100
8 8 100
8 7 100
9 16 100
9 15 100
9 9 100
9 8 100
10 15 100
10 14 100
10 10 100
10 9 100
11 14 100
11 13 100
11 11 100
11 10 100
12 14 100
12 13 100
12 12 100
12 11 100
12 10 100
13 14 100
13 13 100
13 11 100
13 10 100
14 15 100
14 14 100
14 10 100
14 9 100
15 16 100
15 15 100
15 9 100
15 8 100
16 17 100
16 16 100
16 8 100
16 7 100
17 18 100
17 17 100
17 7 100
17 6 100
18 19 100
18 18 100
18 6 100
18 5 100
19 20 100
19 19 100
19 18 100
19 17 100
19 16 100
19 15 100
19 14 100
19 13 100
19 12 100
19 11 100
19 10 100
19 9 100
19 8 100
19 7 100
19 6 100
19 5 100
19 4 100
20 20 100
20 19 100
20 18 100
20 17 100
20 16 100
20 15 100
20 14 100
20 13 100
20 12 100
20 11 100
20 10 100
20 9 100
20 8 100
20 7 100
20 6 100
20 5 100
20 4 100
72
6 17 50
6 16 50
6 15 50
6 14 50
6 13 50
6 12 50
6 11 50
6 10 50
6 9 50
6 8 50
6 7 50
7 16 50
7 15 50
7 14 50
7 13 50
7 12 50
7 11 50
7 10 50
7 9 50
7 8 50
8 15 50
8 14 50
8 13 50
8 12 50
8 11 50
8 10 50
8 9 50
9 14 50
9 13 50
9 12 50
9 11 50
9 10 50
10 13 50
10 12 50
10 11 50
11 12 50
13 12 50
14 13 50
14 12 50
14 11 50
15 14 50
15 13 50
15 12 50
15 11 50
15 10 50
16 15 50
16 14 50
16 13 50
16 12 50
16 11 50
16 10 50
16 9 50
17 16 50
17 15 50
17 14 50
17 13 50
17 12 50
17 11 50
17 10 50
17 9 50
17 8 50
18 17 50
18 16 50
18 15 50
18 14 50
18 13 50
18 12 50
18 11 50
18 10 50
18 9 50
18 8 50
18 7 50
1
12 5 0
1
12 19 0
