BugWars
Imaginary
37 37
432 123
rotational
212
33 16 1000
33 15 1000
33 14 1000
33 13 1000
32 21 1000
32 20 1000
32 16 1000
32 15 1000
32 14 1000
32 13 1000
31 23 1000
31 22 1000
31 21 1000
31 20 1000
31 16 1000
31 15 1000
30 25 1000
30 24 1000
30 23 1000
30 22 1000
30 16 1000
30 15 1000
29 28 1000
29 27 1000
29 26 1000
29 25 1000
29 24 1000
29 16 1000
29 15 1000
28 29 1000
28 28 1000
28 27 1000
28 26 1000
28 16 1000
28 15 1000
27 31 1000
27 30 1000
27 29 1000
27 28 1000
27 16 1000
27 15 1000
26 29 1000
26 28 1000
26 27 1000
26 26 1000
26 16 1000
26 15 1000
26 6 1000
25 27 1000
25 26 1000
25 25 1000
25 24 1000
25 16 1000
25 15 1000
25 6 1000
24 25 1000
24 24 1000
24 23 1000
24 22 1000
24 16 1000
24 15 1000
24 12 1000
24 11 1000
24 10 1000
24 9 1000
24 8 1000
24 7 1000
24 6 1000
23 23 1000
23 22 1000
23 21 1000
23 20 1000
23 16 1000
23 15 1000
23 12 1000
23 11 1000
23 6 1000
22 21 1000
22 20 1000
22 16 1000
22 15 1000
22 11 1000
22 10 1000
22 6 1000
21 21 1000
21 20 1000
21 16 1000
21 15 1000
20 27 1000
20 26 1000
20 21 1000
20 20 1000
20 16 1000
20 15 1000
19 27 1000
19 26 1000
19 21 1000
19 20 1000
19 16 1000
19 15 1000
19 10 1000
19 9 1000
18 27 1000
18 26 1000
18 21 1000
18 20 1000
18 16 1000
18 15 1000
18 10 1000
18 9 1000
17 27 1000
17 26 1000
17 21 1000
17 20 1000
17 16 1000
17 15 1000
17 10 1000
17 9 1000
16 21 1000
16 20 1000
16 16 1000
16 15 1000
16 10 1000
16 9 1000
15 21 1000
15 20 1000
15 16 1000
15 15 1000
14 30 1000
14 26 1000
14 25 1000
14 21 1000
14 20 1000
14 16 1000
14 15 1000
13 30 1000
13 25 1000
13 24 1000
13 21 1000
13 20 1000
13 16 1000
13 15 1000
13 14 1000
13 13 1000
12 30 1000
12 29 1000
12 28 1000
12 27 1000
12 26 1000
12 25 1000
12 24 1000
12 21 1000
12 20 1000
12 14 1000
12 13 1000
12 12 1000
12 11 1000
11 30 1000
11 21 1000
11 20 1000
11 12 1000
11 11 1000
11 10 1000
11 9 1000
10 30 1000
10 21 1000
10 20 1000
10 10 1000
10 9 1000
10 8 1000
10 7 1000
9 21 1000
9 20 1000
9 8 1000
9 7 1000
9 6 1000
9 5 1000
8 21 1000
8 20 1000
8 10 1000
8 9 1000
8 8 1000
8 7 1000
7 21 1000
7 20 1000
7 12 1000
7 11 1000
7 10 1000
7 9 1000
7 8 1000
6 21 1000
6 20 1000
6 14 1000
6 13 1000
6 12 1000
6 11 1000
5 21 1000
5 20 1000
5 16 1000
5 15 1000
5 14 1000
5 13 1000
4 23 1000
4 22 1000
4 21 1000
4 20 1000
4 16 1000
4 15 1000
3 23 1000
3 22 1000
3 21 1000
3 20 1000
64
30 21 50
30 20 50
29 23 50
29 22 50
29 21 50
29 20 50
28 25 50
28 24 50
28 23 50
28 22 50
28 21 50
28 20 50
27 27 50
27 26 50
27 25 50
27 24 50
27 23 50
27 22 50
27 21 50
27 20 50
26 25 50
26 24 50
26 23 50
26 22 50
26 21 50
26 20 50
25 23 50
25 22 50
25 21 50
25 20 50
24 21 50
24 20 50
12 16 50
12 15 50
11 16 50
11 15 50
11 14 50
11 13 50
10 16 50
10 15 50
10 14 50
10 13 50
10 12 50
10 11 50
9 16 50
9 15 50
9 14 50
9 13 50
9 12 50
9 11 50
9 10 50
9 9 50
8 16 50
8 15 50
8 14 50
8 13 50
8 12 50
8 11 50
7 16 50
7 15 50
7 14 50
7 13 50
6 16 50
6 15 50
3
25 7 0
23 10 0
23 7 0
3
11 29 0
13 26 0
13 29 0
