BugWars
Labyrinth
31 31
342 987
rotational
146
4 4 1000
4 5 1000
4 6 1000
4 7 1000
4 8 1000
4 9 1000
4 10 1000
5 10 1000
5 15 1000
5 16 1000
5 17 1000
5 18 1000
5 19 1000
5 20 1000
5 25 1000
5 26 1000
5 27 1000
5 28 1000
5 29 1000
5 30 1000
6 10 1000
6 15 1000
6 20 1000
7 10 1000
7 15 1000
7 20 1000
8 10 1000
8 15 1000
8 20 1000
9 4 1000
9 5 1000
9 6 1000
9 7 1000
9 8 1000
9 9 1000
9 10 1000
9 11 1000
9 12 1000
9 13 1000
9 14 1000
9 15 1000
9 20 1000
9 21 1000
9 22 1000
9 23 1000
9 24 1000
9 25 1000
10 4 1000
10 25 1000
11 4 1000
11 25 1000
12 4 1000
12 21 1000
12 22 1000
12 23 1000
12 24 1000
12 25 1000
13 0 1000
13 1 1000
13 2 1000
13 3 1000
13 4 1000
13 9 1000
13 10 1000
13 11 1000
13 12 1000
13 13 1000
13 14 1000
13 15 1000
13 21 1000
14 9 1000
14 21 1000
15 9 1000
15 21 1000
16 9 1000
16 21 1000
17 9 1000
17 15 1000
17 16 1000
17 17 1000
17 18 1000
17 19 1000
17 20 1000
17 21 1000
17 26 1000
17 27 1000
17 28 1000
17 29 1000
17 30 1000
18 5 1000
18 6 1000
18 7 1000
18 8 1000
18 9 1000
18 26 1000
19 5 1000
19 26 1000
20 5 1000
20 26 1000
21 5 1000
21 6 1000
21 7 1000
21 8 1000
21 9 1000
21 10 1000
21 15 1000
21 16 1000
21 17 1000
21 18 1000
21 19 1000
21 20 1000
21 21 1000
21 22 1000
21 23 1000
21 24 1000
21 25 1000
21 26 1000
22 10 1000
22 15 1000
22 20 1000
23 10 1000
23 15 1000
23 20 1000
24 10 1000
24 15 1000
24 20 1000
25 0 1000
25 1 1000
25 2 1000
25 3 1000
25 4 1000
25 5 1000
25 10 1000
25 11 1000
25 12 1000
25 13 1000
25 14 1000
25 15 1000
25 20 1000
26 20 1000
26 21 1000
26 22 1000
26 23 1000
26 24 1000
26 25 1000
26 26 1000
0
1
28 2 0
1
2 28 0
