BugWars
Rocky
25 25
325 234
vertical
41
2 6 1000
2 18 1000
3 7 1000
3 10 1000
3 14 1000
3 17 1000
4 11 1000
4 13 1000
7 8 1000
7 16 1000
10 11 1000
10 13 1000
12 2 1000
12 5 1000
12 11 1000
12 13 1000
12 19 1000
12 22 1000
15 3 1000
15 5 1000
15 19 1000
15 21 1000
16 9 1000
16 15 1000
17 4 1000
17 20 1000
18 11 1000
18 13 1000
19 6 1000
19 10 1000
19 11 1000
19 13 1000
19 14 1000
19 18 1000
23 8 1000
23 9 1000
23 12 1000
23 15 1000
23 16 1000
24 10 1000
24 14 1000
30
0 0 100
0 1 100
0 2 100
0 3 100
0 21 100
0 22 100
0 23 100
0 24 100
1 0 100
1 24 100
2 0 100
2 12 100
2 24 100
3 12 100
4 12 100
12 12 50
13 12 50
14 12 50
15 12 50
18 12 100
19 12 100
20 12 100
21 12 100
22 12 100
23 0 100
23 24 100
24 0 100
24 1 100
24 23 100
24 24 100
3
5 3 0
13 8 0
23 2 0
3
5 21 0
13 16 0
23 22 0
