BugWars
SoCloseAndYetSoFar
41 41
324 547
rotational
384
0 12 1000000
0 11 1000000
1 12 1000000
1 11 1000000
2 12 1000000
2 11 1000000
3 38 1000000
3 37 1000000
3 36 1000000
3 35 1000000
3 34 1000000
3 33 1000000
3 32 1000000
3 31 1000000
3 30 1000000
3 29 1000000
3 28 1000000
3 27 1000000
3 26 1000000
3 25 1000000
3 24 1000000
3 23 1000000
3 22 1000000
3 21 1000000
3 20 1000000
3 19 1000000
3 18 1000000
3 17 1000000
3 16 1000000
3 15 1000000
3 12 1000000
3 11 1000000
4 38 1000000
4 37 1000000
4 36 1000000
4 35 1000000
4 34 1000000
4 33 1000000
4 32 1000000
4 31 1000000
4 30 1000000
4 29 1000000
4 28 1000000
4 27 1000000
4 26 1000000
4 25 1000000
4 24 1000000
4 23 1000000
4 22 1000000
4 21 1000000
4 20 1000000
4 19 1000000
4 18 1000000
4 17 1000000
4 16 1000000
4 15 1000000
4 12 1000000
4 11 1000000
5 15 1000000
5 12 1000000
5 11 1000000
6 15 1000000
7 15 1000000
8 40 1000000
8 39 1000000
8 38 1000000
8 37 1000000
8 36 1000000
8 35 1000000
8 34 1000000
8 33 1000000
8 29 1000000
8 28 1000000
8 27 1000000
8 26 1000000
8 25 1000000
8 24 1000000
8 23 1000000
8 22 1000000
8 21 1000000
8 20 1000000
8 19 1000000
8 18 1000000
8 17 1000000
8 16 1000000
8 15 1000000
8 14 1000000
8 13 1000000
8 12 1000000
8 11 1000000
8 10 1000000
8 9 1000000
8 8 1000000
8 7 1000000
8 6 1000000
8 5 1000000
8 4 1000000
8 3 1000000
8 2 1000000
8 1 1000000
8 0 1000000
9 33 1000
9 22 1000
9 7 1000
9 3 1000
10 33 1000
10 22 1000
10 7 1000
10 3 1000
11 33 1000
11 22 1000
11 7 1000
11 3 1000
12 37 1000
12 36 1000
12 35 1000
12 34 1000
12 33 1000
12 32 1000
12 31 1000
12 30 1000
12 29 1000
12 25 1000
12 24 1000
12 23 1000
12 22 1000
12 21 1000
12 20 1000
12 19 1000
12 18 1000
12 17 1000
12 16 1000
12 15 1000
12 14 1000
12 13 1000
12 12 1000
12 11 1000
12 7 1000
12 3 1000
13 37 1000
13 29 1000
13 7 1000
13 3 1000
14 37 1000
14 29 1000
14 7 1000
14 3 1000
15 37 1000
15 29 1000
15 7 1000
15 3 1000
16 37 1000
16 29 1000
16 28 1000
16 27 1000
16 26 1000
16 25 1000
16 24 1000
16 23 1000
16 22 1000
16 21 1000
16 20 1000
16 19 1000
16 18 1000
16 17 1000
16 16 1000
16 15 1000
16 14 1000
16 13 1000
16 12 1000
16 11 1000
16 7 1000
16 3 1000
17 37 1000
17 33 1000
17 29 1000
17 22 1000
17 15 1000
17 7 1000
17 3 1000
18 33 1000
18 29 1000
18 22 1000
18 15 1000
18 7 1000
18 3 1000
19 33 1000
19 29 1000
19 15 1000
19 7 1000
20 33 1000
20 25 1000
20 15 1000
20 7 1000
21 33 1000
21 25 1000
21 11 1000
21 7 1000
22 37 1000
22 33 1000
22 25 1000
22 18 1000
22 11 1000
22 7 1000
23 37 1000
23 33 1000
23 25 1000
23 18 1000
23 11 1000
23 7 1000
23 3 1000
24 37 1000
24 33 1000
24 29 1000
24 28 1000
24 27 1000
24 26 1000
24 25 1000
24 24 1000
24 23 1000
24 22 1000
24 21 1000
24 20 1000
24 19 1000
24 18 1000
24 17 1000
24 16 1000
24 15 1000
24 14 1000
24 13 1000
24 12 1000
24 11 1000
24 3 1000
25 37 1000
25 33 1000
25 11 1000
25 3 1000
26 37 1000
26 33 1000
26 11 1000
26 3 1000
27 37 1000
27 33 1000
27 11 1000
27 3 1000
28 37 1000
28 33 1000
28 29 1000
28 28 1000
28 27 1000
28 26 1000
28 25 1000
28 24 1000
28 23 1000
28 22 1000
28 21 1000
28 20 1000
28 19 1000
28 18 1000
28 17 1000
28 16 1000
28 15 1000
28 11 1000
28 10 1000
28 9 1000
28 8 1000
28 7 1000
28 6 1000
28 5 1000
28 4 1000
28 3 1000
29 37 1000
29 33 1000
29 18 1000
29 7 1000
30 37 1000
30 33 1000
30 18 1000
30 7 1000
31 37 1000
31 33 1000
31 18 1000
31 7 1000
32 40 1000000
32 39 1000000
32 38 1000000
32 37 1000000
32 36 1000000
32 35 1000000
32 34 1000000
32 33 1000000
32 32 1000000
32 31 1000000
32 30 1000000
32 29 1000000
32 28 1000000
32 27 1000000
32 26 1000000
32 25 1000000
32 24 1000000
32 23 1000000
32 22 1000000
32 21 1000000
32 20 1000000
32 19 1000000
32 18 1000000
32 17 1000000
32 16 1000000
32 15 1000000
32 14 1000000
32 13 1000000
32 12 1000000
32 11 1000000
32 7 1000000
32 6 1000000
32 5 1000000
32 4 1000000
32 3 1000000
32 2 1000000
32 1 1000000
32 0 1000000
33 25 1000000
34 25 1000000
35 29 1000000
35 28 1000000
35 25 1000000
36 29 1000000
36 28 1000000
36 25 1000000
36 24 1000000
36 23 1000000
36 22 1000000
36 21 1000000
36 20 1000000
36 19 1000000
36 18 1000000
36 17 1000000
36 16 1000000
36 15 1000000
36 14 1000000
36 13 1000000
36 12 1000000
36 11 1000000
36 10 1000000
36 9 1000000
36 8 1000000
36 7 1000000
36 6 1000000
36 5 1000000
36 4 1000000
36 3 1000000
36 2 1000000
37 29 1000000
37 28 1000000
37 25 1000000
37 24 1000000
37 23 1000000
37 22 1000000
37 21 1000000
37 20 1000000
37 19 1000000
37 18 1000000
37 17 1000000
37 16 1000000
37 15 1000000
37 14 1000000
37 13 1000000
37 12 1000000
37 11 1000000
37 10 1000000
37 9 1000000
37 8 1000000
37 7 1000000
37 6 1000000
37 5 1000000
37 4 1000000
37 3 1000000
37 2 1000000
38 29 1000000
38 28 1000000
39 29 1000000
39 28 1000000
40 29 1000000
40 28 1000000
144
0 8 100
0 7 100
0 6 100
0 5 100
0 4 100
0 3 100
0 2 100
0 1 100
0 0 100
1 8 100
1 7 100
1 6 100
1 5 100
1 4 100
1 3 100
1 2 100
1 1 100
1 0 100
2 8 100
2 7 100
2 6 100
2 5 100
2 4 100
2 3 100
2 2 100
2 1 100
2 0 100
3 8 100
3 7 100
3 6 100
3 5 100
3 4 100
3 3 100
3 2 100
3 1 100
3 0 100
4 8 100
4 7 100
4 6 100
4 5 100
4 4 100
4 3 100
4 2 100
4 1 100
4 0 100
5 8 100
5 7 100
5 6 100
5 5 100
5 4 100
5 3 100
5 2 100
5 1 100
5 0 100
6 8 100
6 7 100
6 6 100
6 5 100
6 4 100
6 3 100
6 2 100
6 1 100
6 0 100
7 8 100
7 7 100
7 6 100
7 5 100
7 4 100
7 3 100
7 2 100
7 1 100
7 0 100
33 40 100
33 39 100
33 38 100
33 37 100
33 36 100
33 35 100
33 34 100
33 33 100
33 32 100
34 40 100
34 39 100
34 38 100
34 37 100
34 36 100
34 35 100
34 34 100
34 33 100
34 32 100
35 40 100
35 39 100
35 38 100
35 37 100
35 36 100
35 35 100
35 34 100
35 33 100
35 32 100
36 40 100
36 39 100
36 38 100
36 37 100
36 36 100
36 35 100
36 34 100
36 33 100
36 32 100
37 40 100
37 39 100
37 38 100
37 37 100
37 36 100
37 35 100
37 34 100
37 33 100
37 32 100
38 40 100
38 39 100
38 38 100
38 37 100
38 36 100
38 35 100
38 34 100
38 33 100
38 32 100
39 40 100
39 39 100
39 38 100
39 37 100
39 36 100
39 35 100
39 34 100
39 33 100
39 32 100
40 40 100
40 39 100
40 38 100
40 37 100
40 36 100
40 35 100
40 34 100
40 33 100
40 32 100
1
10 1 0
1
30 39 0
