BugWars
Stars
41 41
41 415
rotational
359
2 34 1000
2 28 1000
2 22 1000
3 33 1000
3 28 1000
3 23 1000
4 32 1000
4 28 1000
4 24 1000
4 14 1000
4 11 1000
4 8 1000
5 31 1000
5 28 1000
5 25 1000
5 13 1000
5 11 1000
5 9 1000
6 30 1000
6 28 1000
6 26 1000
6 12 1000
6 11 1000
6 10 1000
6 5 1000
6 3 1000
6 1 1000
7 29 1000
7 28 1000
7 27 1000
7 14 1000
7 13 1000
7 12 1000
7 11 1000
7 10 1000
7 9 1000
7 8 1000
7 4 1000
7 3 1000
7 2 1000
8 40 1000
8 38 1000
8 36 1000
8 34 1000
8 33 1000
8 32 1000
8 31 1000
8 30 1000
8 29 1000
8 28 1000
8 27 1000
8 26 1000
8 25 1000
8 24 1000
8 23 1000
8 22 1000
8 12 1000
8 11 1000
8 10 1000
8 5 1000
8 4 1000
8 3 1000
8 2 1000
8 1 1000
9 39 1000
9 38 1000
9 37 1000
9 29 1000
9 28 1000
9 27 1000
9 21 1000
9 19 1000
9 17 1000
9 13 1000
9 11 1000
9 9 1000
9 4 1000
9 3 1000
9 2 1000
10 40 1000
10 39 1000
10 38 1000
10 37 1000
10 36 1000
10 30 1000
10 28 1000
10 26 1000
10 20 1000
10 19 1000
10 18 1000
10 14 1000
10 11 1000
10 8 1000
10 5 1000
10 3 1000
10 1 1000
11 39 1000
11 38 1000
11 37 1000
11 31 1000
11 28 1000
11 25 1000
11 21 1000
11 20 1000
11 19 1000
11 18 1000
11 17 1000
12 40 1000
12 38 1000
12 36 1000
12 32 1000
12 28 1000
12 24 1000
12 20 1000
12 19 1000
12 18 1000
13 33 1000
13 28 1000
13 23 1000
13 21 1000
13 19 1000
13 17 1000
13 12 1000
13 8 1000
13 4 1000
14 34 1000
14 28 1000
14 22 1000
14 11 1000
14 8 1000
14 5 1000
15 25 1000
15 20 1000
15 15 1000
15 10 1000
15 8 1000
15 6 1000
16 24 1000
16 20 1000
16 16 1000
16 9 1000
16 8 1000
16 7 1000
17 23 1000
17 20 1000
17 17 1000
17 13 1000
17 12 1000
17 11 1000
17 10 1000
17 9 1000
17 8 1000
17 7 1000
17 6 1000
17 5 1000
17 4 1000
18 22 1000
18 20 1000
18 18 1000
18 9 1000
18 8 1000
18 7 1000
19 36 1000
19 32 1000
19 28 1000
19 21 1000
19 20 1000
19 19 1000
19 10 1000
19 8 1000
19 6 1000
20 35 1000
20 32 1000
20 29 1000
20 25 1000
20 24 1000
20 23 1000
20 22 1000
20 21 1000
20 20 1000
20 19 1000
20 18 1000
20 17 1000
20 16 1000
20 15 1000
20 11 1000
20 8 1000
20 5 1000
21 34 1000
21 32 1000
21 30 1000
21 21 1000
21 20 1000
21 19 1000
21 12 1000
21 8 1000
21 4 1000
22 33 1000
22 32 1000
22 31 1000
22 22 1000
22 20 1000
22 18 1000
23 36 1000
23 35 1000
23 34 1000
23 33 1000
23 32 1000
23 31 1000
23 30 1000
23 29 1000
23 28 1000
23 27 1000
23 23 1000
23 20 1000
23 17 1000
24 33 1000
24 32 1000
24 31 1000
24 24 1000
24 20 1000
24 16 1000
25 34 1000
25 32 1000
25 30 1000
25 25 1000
25 20 1000
25 15 1000
26 35 1000
26 32 1000
26 29 1000
26 18 1000
26 12 1000
26 6 1000
27 36 1000
27 32 1000
27 28 1000
27 23 1000
27 21 1000
27 19 1000
27 17 1000
27 12 1000
27 7 1000
28 22 1000
28 21 1000
28 20 1000
28 16 1000
28 12 1000
28 8 1000
28 4 1000
28 2 1000
28 0 1000
29 23 1000
29 22 1000
29 21 1000
29 20 1000
29 19 1000
29 15 1000
29 12 1000
29 9 1000
29 3 1000
29 2 1000
29 1 1000
30 39 1000
30 37 1000
30 35 1000
30 32 1000
30 29 1000
30 26 1000
30 22 1000
30 21 1000
30 20 1000
30 14 1000
30 12 1000
30 10 1000
30 4 1000
30 3 1000
30 2 1000
30 1 1000
30 0 1000
31 38 1000
31 37 1000
31 36 1000
31 31 1000
31 29 1000
31 27 1000
31 23 1000
31 21 1000
31 19 1000
31 13 1000
31 12 1000
31 11 1000
31 3 1000
31 2 1000
31 1 1000
32 39 1000
32 38 1000
32 37 1000
32 36 1000
32 35 1000
32 30 1000
32 29 1000
32 28 1000
32 18 1000
32 17 1000
32 16 1000
32 15 1000
32 14 1000
32 13 1000
32 12 1000
32 11 1000
32 10 1000
32 9 1000
32 8 1000
32 7 1000
32 6 1000
32 4 1000
32 2 1000
32 0 1000
33 38 1000
33 37 1000
33 36 1000
33 32 1000
33 31 1000
33 30 1000
33 29 1000
33 28 1000
33 27 1000
33 26 1000
33 13 1000
33 12 1000
33 11 1000
34 39 1000
34 37 1000
34 35 1000
34 30 1000
34 29 1000
34 28 1000
34 14 1000
34 12 1000
34 10 1000
35 31 1000
35 29 1000
35 27 1000
35 15 1000
35 12 1000
35 9 1000
36 32 1000
36 29 1000
36 26 1000
36 16 1000
36 12 1000
36 8 1000
37 17 1000
37 12 1000
37 7 1000
38 18 1000
38 12 1000
38 6 1000
104
5 12 20
5 10 20
6 29 20
6 27 20
6 13 20
6 9 20
6 4 20
6 2 20
7 30 20
7 26 20
7 5 20
7 1 20
8 39 20
8 37 20
8 13 20
8 9 20
9 40 20
9 36 20
9 30 20
9 26 20
9 20 20
9 18 20
9 12 20
9 10 20
9 5 20
9 1 20
10 29 20
10 27 20
10 21 20
10 17 20
10 4 20
10 2 20
11 40 20
11 36 20
12 39 20
12 37 20
12 21 20
12 17 20
13 20 20
13 18 20
15 9 20
15 7 20
16 10 20
16 6 20
18 21 20
18 19 20
18 10 20
18 6 20
19 22 20
19 18 20
19 9 20
19 7 20
21 33 20
21 31 20
21 22 20
21 18 20
22 34 20
22 30 20
22 21 20
22 19 20
24 34 20
24 30 20
25 33 20
25 31 20
27 22 20
27 20 20
28 23 20
28 19 20
28 3 20
28 1 20
29 4 20
29 0 20
30 38 20
30 36 20
30 23 20
30 19 20
30 13 20
30 11 20
31 39 20
31 35 20
31 30 20
31 28 20
31 22 20
31 20 20
31 14 20
31 10 20
31 4 20
31 0 20
32 31 20
32 27 20
32 3 20
32 1 20
33 39 20
33 35 20
33 14 20
33 10 20
34 38 20
34 36 20
34 31 20
34 27 20
34 13 20
34 11 20
35 30 20
35 28 20
2
38 2 0
4 3 0
2
2 38 0
36 37 0
